pmd
-----------------
Tag
4.3,5.0.0,5.0.1,5.0.2,5.0.3,5.0.4,5.0.5,5.1.0,5.1.1,5.1.2,5.1.3,5.2.0,5.2.1,5.2.2,5.2.3,5.3.0,5.3.1,5.3.2,5.3.3,5.3.4,5.3.5,5.3.6,5.3.7,5.3.8,5.4.0,5.4.1,5.4.2,5.4.3,5.4.4,5.4.5,5.4.6,5.5.0,5.5.1,5.5.2,5.5.3,5.5.4,5.5.5,5.5.6,5.5.7,5.7.0,5.6.0,5.6.1,5.8.0,5.8.1,6.0.0,6.0.1,6.2.0,6.3.0,6.4.0,6.10.0,6.11.0,6.12.0,6.13.0,6.14.0,6.15.0,6.16.0,6.17.0,6.18.0,6.19.0,6.20.0,6.21.0,6.22.0,6.23.0,6.24.0,6.25.0,6.26.0,6.27.0,6.28.0,6.29.0,6.30.0,6.31.0,6.32.0,6.33.0,6.34.0,6.35.0,6.36.0,6.37.0,6.38.0,6.39.0,6.53.0,6.6.0,6.7.0,6.8.0,6.9.0,6.40.0,6.41.0,6.42.0,6.43.0,6.44.0,6.45.0,6.46.0,6.47.0,6.48.0,6.49.0,6.50.0,6.51.0,6.52.0,6.53.0,6.54.0,6.55.0,7.0.0-rc1
Range
3428,172,211,66,61,25,101,184,74,84,42,47,16,29,17,101,19,31,63,54,16,61,148,187,398,61,176,159,84,28,30,276,32,100,84,28,30,22,9,21,29,7,56,6,166,37,63,34,30,193,49,27,35,27,28,34,27,48,46,29,55,47,42,30,33,28,37,25,27,48,49,27,28,28,34,28,35,27,27,462,1617,35,27,28,1097,28,62,28,29,33,28,27,35,32,29,28,28,35,27,28,28
Commits
5610,1621,126,30,37,16,17,624,48,47,48,74,31,36,26,149,15,21,19,39,15,51,89,66,329,89,143,85,109,88,55,683,57,159,295,159,88,8,5,850,94,10,357,19,1351,83,370,207,258,1211,241,198,175,103,135,155,77,174,154,86,210,274,299,141,167,194,254,78,68,222,151,57,76,88,192,110,116,38,48,1424,6518,178,118,188,4709,98,116,65,148,125,123,63,136,63,124,80,130,54,124,52,5968
Test Deletion Commits
138,2,1,1,1,0,0,1,1,0,1,1,0,0,0,1,0,1,0,0,0,1,1,0,0,1,1,0,3,2,6,0,0,0,3,2,6,2,0,0,0,0,2,1,6,0,1,0,0,4,3,0,1,0,4,1,0,5,4,1,11,5,5,5,19,0,16,10,5,6,8,2,0,0,0,0,1,0,0,26,0,0,0,0,116,0,1,4,3,8,1,0,3,0,1,0,2,3,0,0,0
Total Deleted Tests
637,21,20,1,1,0,0,2,260,0,16,5,0,0,0,1,0,5,0,0,0,1,114,0,0,1,114,0,3,15,27,0,0,0,3,15,27,14,0,0,0,0,2,2,12,0,1,0,0,7,4,0,1,0,21,4,0,95,6,3,64,64,51,7,33,0,196,60,9,27,31,11,0,0,0,0,16,0,0,173,0,0,0,0,710,0,2,10,108,27,2,0,10,0,3,0,8,3,0,0,0
=====================================
